204404033
204406614
204408197
204408819
204408934
204409799
204410588
204414352
204415662
204415830
204416891
204417021
204417594
204419833
204420388
204422136
204423055
204425958
204426974
204428384
204429377
204429997
204430404
204430997
204431386
204437398
204438040
204438710
204439146
204439189
204439250
204439334
204439764
204440253
204440592
204440959
204441833
204442732
204447164
204447183
204448920
204449111
204449411
204449795
204452775
204453672
204455012
204457495
204460115
204461732
204461814
204462598
204465150
204466049
204466603
204466940
204466991
204468309
204470572
204471289
204471662
204472127
204472663
204472855
204473059
204473439
204473910
204474871
204475275
204475353
204477299
204477965
204478414
204479048
204479323
204479759
204480411
204481598
204481924
204482862
204485649
204485986
204486063
204486339
204486845
204487250
204487426
204489086
204490820
204491827
204492457
204494719
204496401
204498096
204499714
204499774
204499809
204500654
204500977
204501543
204501584
204503002
204503039
204503197
204506035
204506265
204506921
204507347
204507639
204507942
204509090
204510225
204510350
204510823
204510975
204511728
204512739
204514079
204514697
204519868
204521238
204522536
204522921
204524627
204524820
204525526
204527089
204527226
204527796
204528303
204529739
204529850
204530087
204530510
204532528
204532569
204533426
204533531
204533591
204533829
204533974
204534340
204540683
204540890
204540984
204542014
204542342
204542362
204542500
204542669
204542858
204544052
204544114
204544124
204545874
204545994
204546336
204547394
204547542
204550083
204550713
204551927
204552940
204554058
204554473
204557063
204561040
204561942
204566131
204567065
204567759
204568270
204570933
204572083
204573814
204574047
204574822
204577302
204578215
204580279
204581286
204581447
204581654
204581810
204582454
204582569
204582622
204582967
204583479
204584085
204584954
204585315
204585365
204585606
204586463
204587089
204587126
204587267
204587798
204589198
204589553
204589800
204589885
204590110
204590565
204591567
204592087
204592585
204592877
204592944
204594629
204594719
204595985
204596812
204596847
204597020
204597057
204597313
204598271
204599073
204599649
204600810
204601720
204602070
204603013
204603235
204603405
204603660
